-1.48491895 0.665606022 -3.15130401 0.350834 0.350834 0.350834
1.63684106 -0.848154008 -0.458954006 0.332135 0.332135 0.332135
3.73204088 0.187905997 -1.31973398 0.46585 0.46585 0.46585
-0.218059003 -0.489374012 -3.80652404 0.293626 0.293626 0.293626
-1.07809901 0.89170599 -2.42045403 0.350834 0.350834 0.350834
2.9318409 1.44700599 1.79379594 0.647445 0.647445 0.647445
2.42164111 1.45470595 0.904796004 0.673533 0.673533 0.673533
0.495541006 -0.380753994 -3.77846408 -0.0985476 -0.0985476 -0.0985476
0.0536409989 1.12290597 -2.44158411 0.376167 0.376167 0.376167
0.409141004 0.968806028 -1.14621401 0.847537 0.847537 0.847537
2.01634097 1.41400599 -2.21199393 0.847537 0.847537 0.847537
2.48954105 0.835106015 -3.16852403 0.4636345 0.4636345 0.4636345
-1.02571905 -1.20837402 -2.15655398 -0.617002 -0.617002 -0.617002
0.768841028 -0.904814005 -2.37124395 -0.038556 -0.038556 -0.038556
3.32794094 -0.212814003 1.17339599 0.465096 0.465096 0.465096
-0.179758996 0.895605981 -1.22322404 0.376167 0.376167 0.376167
2.89764094 -0.330873996 -1.82744396 0.402608 0.402608 0.402608
0.0139410002 -0.720893979 -3.50961399 -0.128082 -0.128082 -0.128082
-2.20121908 -0.828584015 -3.21749401 0.240321 0.240321 0.240321
3.46874094 -0.190594003 0.69799602 0.472859 0.472859 0.472859
-0.0130589996 1.06740606 -2.01303411 0.376167 0.376167 0.376167
0.574041009 -0.871424019 -2.85094404 -0.098048 -0.098048 -0.098048
0.341441005 -0.98209399 -0.316983998 -0.214527 -0.214527 -0.214527
3.38024092 0.552905977 2.25609589 0.462103 0.462103 0.462103
-1.21443903 0.759306014 -1.13054395 0.288042 0.288042 0.288042
1.67194104 1.29210603 -2.83576393 0.847537 0.847537 0.847537
2.49194098 -0.394084007 -2.29893398 0.390903 0.390903 0.390903
2.02984095 -0.587094009 -2.28577399 0.103308 0.103308 0.103308
-2.777879 -0.951204002 -2.76203394 -0.516347 -0.516347 -0.516347
0.566441 -0.961874008 -1.87842405 -0.15273 -0.15273 -0.15273
3.44604111 0.698505998 -2.34571409 0.5042211 0.5042211 0.5042211
3.36714101 0.0179760009 -1.816064 0.454091 0.454091 0.454091
3.23234105 0.0517060012 2.11489606 0.441821 0.441821 0.441821
-1.81329894 0.726005971 -1.79118395 0.288042 0.288042 0.288042
3.79654098 1.26960599 1.17899597 0.51418 0.51418 0.51418
1.05944097 -0.933103979 -0.369634002 0.236272 0.236272 0.236272
3.61464095 0.458406001 1.80749595 0.476644 0.476644 0.476644
1.27984095 -0.896983981 -0.835183978 0.278616 0.278616 0.278616
-0.483758986 0.750706017 -0.474934012 0.263662 0.263662 0.263662
1.82794094 -0.867034018 1.01769602 0.356052 0.356052 0.356052
3.86784101 0.122106001 0.346745998 0.505257 0.505257 0.505257
1.18814099 -0.197533995 -3.67792392 0.11323 0.11323 0.11323
0.211041003 1.02750599 -1.57938397 0.376167 0.376167 0.376167
4.01314116 1.27360594 0.476595998 0.521521 0.521521 0.521521
-2.14008904 0.548705995 -2.46516395 0.288042 0.288042 0.288042
-0.101058997 0.185806006 -4.00798416 0.347117 0.347117 0.347117
-0.124659002 -1.00326395 -2.83632398 -0.593184 -0.593184 -0.593184
3.11404109 -0.382604003 -0.930404007 0.46585 0.46585 0.46585
2.52874088 1.35250604 2.33069611 0.595944 0.595944 0.595944
3.05694103 -0.458613992 -0.0450939983 0.478463 0.478463 0.478463
-0.542059004 -1.08494401 -0.932734013 -0.651255 -0.651255 -0.651255
0.440041006 -0.998044014 -1.46387398 -0.248368 -0.248368 -0.248368
3.80694103 1.40260601 -0.673143983 0.514815 0.514815 0.514815
-0.430258989 -0.984474003 -3.1243341 -0.593184 -0.593184 -0.593184
-1.42958903 0.105205998 -3.781744 0.31838 0.31838 0.31838
3.8001411 0.181505993 0.958096027 0.499915 0.499915 0.499915
-0.132058993 1.00130606 -3.23579407 0.376167 0.376167 0.376167
2.47754097 1.43430603 0.434785992 0.681185 0.681185 0.681185
1.19144106 -0.736104012 -2.76027393 0.057284 0.057284 0.057284
-1.158149 -1.07227397 -3.03952408 -0.617002 -0.617002 -0.617002
2.54364109 -0.179113999 -2.73561406 0.417017 0.417017 0.417017
3.81844091 0.0369159989 -0.29233399 0.478463 0.478463 0.478463
-2.14832902 -1.32593405 -2.17848396 -0.854027 -0.854027 -0.854027
2.44704103 1.396806 -0.113853998 0.68011 0.68011 0.68011
0.372640997 -1.00794399 -1.03635395 -0.270784 -0.270784 -0.270784
3.34824109 0.265006006 -2.22723389 0.462161 0.462161 0.462161
0.804641008 1.12130594 -1.50191402 0.847537 0.847537 0.847537
0.0595409982 0.809705973 -0.311583996 0.8137632 0.8137632 0.8137632
1.45134103 -0.739233971 -2.4317441 0.053751 0.053751 0.053751
0.343741 0.558806002 -3.90058398 0.347117 0.347117 0.347117
-2.07298899 0.334706008 -3.20207405 0.350834 0.350834 0.350834
-1.75148904 -1.00114405 -3.13824391 -0.617002 -0.617002 -0.617002
2.893641 0.571106017 -2.93417406 0.4725571 0.4725571 0.4725571
1.91924095 1.291906 0.708895981 0.679015 0.679015 0.679015
0.477941006 0.873206019 -3.68432403 0.376167 0.376167 0.376167
1.02004099 0.816806018 -3.71712399 0.376167 0.376167 0.376167
-0.507559001 -0.220113993 -3.97084403 0.31838 0.31838 0.31838
-0.871339023 0.908505976 -1.82491398 0.356584 0.356584 0.356584
-1.00246894 0.877506018 -2.88029408 0.350834 0.350834 0.350834
1.92834103 -0.505854011 -2.70069408 0.103308 0.103308 0.103308
2.1330409 1.31830597 -0.575043976 0.680831 0.680831 0.680831
2.11364102 1.12140596 -3.07062411 0.847537 0.847537 0.847537
1.98794103 -0.788143992 -0.140573993 0.409399 0.409399 0.409399
-1.26748896 0.84740603 -2.04293394 0.356584 0.356584 0.356584
1.08154094 -0.900484025 -1.586604 0.053751 0.053751 0.053751
-0.338759005 0.966206014 -1.67790401 0.376167 0.376167 0.376167
3.36654091 -0.280934006 -0.452623993 0.4745 0.4745 0.4745
-2.30082893 0.579706013 -1.99556398 0.288042 0.288042 0.288042
1.54464102 -0.527863979 -2.98459411 0.152346 0.152346 0.152346
1.87864101 -0.0099940002 -3.43745399 0.175104 0.175104 0.175104
1.62124097 1.16520596 -0.259553999 0.693261 0.693261 0.693261
0.955141008 -0.677623987 -3.16350389 -0.028105 -0.028105 -0.028105
0.479541004 1.08610594 -3.27673411 0.376167 0.376167 0.376167
1.17704105 -0.857644022 -2.03486395 0.053751 0.053751 0.053751
3.196841 -0.183384001 1.66109598 0.454418 0.454418 0.454418
-0.107758999 -1.05805397 -1.23157406 -0.593184 -0.593184 -0.593184
2.24914098 1.31220603 -2.59307408 0.847537 0.847537 0.847537
1.42364097 1.33740604 -2.34333396 0.847537 0.847537 0.847537
4.10074091 1.18220603 -0.238214001 0.520666 0.520666 0.520666
-0.763158977 0.136705995 -3.96694398 0.347117 0.347117 0.347117
2.04864097 -0.227543995 -3.08192396 0.196943 0.196943 0.196943
3.70054102 0.47360599 -1.80337405 0.476907 0.476907 0.476907
-2.4682591 -0.464163989 -3.25423408 0.240321 0.240321 0.240321
-0.643558979 -0.829613984 -3.468714 -0.593184 -0.593184 -0.593184
1.614941 1.173406 0.307635993 0.691813 0.691813 0.691813
-2.5051291 0.283706009 -2.75697398 0.288042 0.288042 0.288042
3.82814097 0.886106014 -1.66300404 0.492723 0.492723 0.492723
1.044541 1.12880599 -3.29777408 0.376167 0.376167 0.376167
1.56294096 1.19000602 -0.81012398 0.847537 0.847537 0.847537
-1.13509905 -1.21946394 -1.63504398 -0.664161 -0.664161 -0.664161
-0.228058994 0.551805973 -3.88109398 0.347117 0.347117 0.347117
-1.90888906 -0.349963993 -3.592664 0.240321 0.240321 0.240321
0.218941003 -0.982403994 -2.52304411 -0.171515 -0.171515 -0.171515
3.14574099 -0.413984001 0.443116009 0.477464 0.477464 0.477464
3.50744104 -0.195283994 0.108415999 0.478463 0.478463 0.478463
1.94494104 1.33900595 -1.191414 0.847537 0.847537 0.847537
-2.28537893 -1.15936399 -2.7251339 -0.664161 -0.664161 -0.664161
1.32164097 0.496906012 -3.76626396 0.376167 0.376167 0.376167
-0.113858998 0.838606 -3.63262391 0.376167 0.376167 0.376167
2.83254099 -0.493463993 1.44279599 0.425789 0.425789 0.425789
0.231941 -0.0958840027 -3.97655392 0.347117 0.347117 0.347117
2.69714093 1.50150597 1.32299602 0.666337 0.666337 0.666337
4.06124115 0.948105991 0.957795978 0.499915 0.499915 0.499915
1.41834104 -0.368324012 -3.37236404 0.110722 0.110722 0.110722
2.48724103 1.43690598 -1.04918396 0.653994 0.653994 0.653994
2.99564099 1.23670602 2.25999594 0.5446669 0.5446669 0.5446669
2.36224103 -0.658334017 1.73459601 0.375276 0.375276 0.375276
1.55424094 1.240906 1.11649597 0.649418 0.649418 0.649418
2.13394094 -0.699833989 -1.35312402 0.377485 0.377485 0.377485
0.962641001 1.06010604 -0.985534012 0.847537 0.847537 0.847537
-1.524279 0.747106016 -2.67979407 0.350834 0.350834 0.350834
1.22894096 -0.958443999 0.81179601 0.252682 0.252682 0.252682
2.03724098 1.39530599 1.34289598 0.653008 0.653008 0.653008
1.10854101 1.02920604 -0.50048399 0.847537 0.847537 0.847537
1.70344102 1.34500599 -1.78173399 0.847537 0.847537 0.847537
1.44924104 -0.890043974 0.0395159982 0.339674 0.339674 0.339674
2.38734102 -0.695493996 1.20769596 0.39496 0.39496 0.39496
3.61604095 -0.0638040006 -0.868164003 0.4745 0.4745 0.4745
1.10494101 1.25500596 -1.90785396 0.847537 0.847537 0.847537
-0.612959027 -1.130234 -1.43461394 -0.617002 -0.617002 -0.617002
0.288040996 -0.826834023 -3.20686412 -0.150541 -0.150541 -0.150541
1.50464106 1.08110595 -3.30179405 0.376167 0.376167 0.376167
3.42554092 1.29200602 1.74989605 0.6357446 0.6357446 0.6357446
0.643940985 0.357306004 -3.94471407 0.347117 0.347117 0.347117
1.14354098 1.02600598 0.0661259964 0.697205 0.697205 0.697205
2.30394101 1.44260597 -1.64876401 0.847537 0.847537 0.847537
2.67424107 -0.622824013 0.391135991 0.444303 0.444303 0.444303
2.1021409 -0.780243993 0.270976007 0.407892 0.407892 0.407892
2.37824106 1.45530605 1.84449601 0.635007 0.635007 0.635007
4.01324081 0.332406014 -0.723213971 0.4745 0.4745 0.4745
3.36614108 1.54680598 0.229085997 0.6649462 0.6649462 0.6649462
3.01434112 1.50850594 -0.892014027 0.655237 0.655237 0.655237
0.922240973 0.0474760011 -3.87824392 0.347117 0.347117 0.347117
3.7829411 1.45600605 -0.00623399997 0.521521 0.521521 0.521521
0.743840992 0.927905977 0.369275987 0.672068 0.672068 0.672068
0.55094099 0.926505983 -0.651723981 0.847537 0.847537 0.847537
1.76244104 0.858205974 -3.46172404 0.376167 0.376167 0.376167
0.785440981 -0.965424001 0.039136 0.07927 0.07927 0.07927
-2.6978991 -0.0630439967 -3.002244 0.240321 0.240321 0.240321
3.91144109 0.552605987 1.28019595 0.499915 0.499915 0.499915
3.3535409 1.548406 -0.400283992 0.6617907 0.6617907 0.6617907
-0.389559001 -1.09546399 -2.37598395 -0.593184 -0.593184 -0.593184
3.06834102 1.25180602 -2.22936392 0.5937542 0.5937542 0.5937542
3.7594409 0.923205972 1.70739603 0.489962 0.489962 0.489962
2.99384093 1.55210602 0.718695998 0.670849 0.670849 0.670849
2.29644108 -0.743553996 0.74199599 0.403169 0.403169 0.403169
-1.76327896 -1.19699395 -2.67895389 -0.617002 -0.617002 -0.617002
3.4172411 1.48030603 -1.07079399 0.6457464 0.6457464 0.6457464
0.675741017 -0.955923975 -0.695563972 -0.155511 -0.155511 -0.155511
-1.63053894 -1.29541397 -1.86847401 -0.848518 -0.848518 -0.848518
4.01284122 0.62500602 -1.18782401 0.488672 0.488672 0.488672
-1.59215903 -0.658303976 -3.55404401 0.240321 0.240321 0.240321
1.94434094 0.534006 -3.50588393 0.2891338 0.2891338 0.2891338
2.74034095 1.46730602 -0.486764014 0.668986 0.668986 0.668986
-1.69952905 0.733406007 -2.23954391 0.356584 0.356584 0.356584
4.20724106 0.885505974 0.224375993 0.505257 0.505257 0.505257
0.104841001 -1.031214 -2.12311411 -0.5622928 -0.5622928 -0.5622928
-0.612258971 0.793806016 -0.936894 0.366838 0.366838 0.366838
1.13134098 -0.948083997 0.398945987 0.234326 0.234326 0.234326
2.8684411 1.48740602 -1.43443406 0.619233 0.619233 0.619233
2.52234101 0.143005997 -3.08693409 0.438259 0.438259 0.438259
3.51024103 1.08920598 -2.01079392 0.55025 0.55025 0.55025
2.65534091 1.42580605 -2.07028389 0.847537 0.847537 0.847537
2.05184102 1.29830599 0.0661360025 0.690161 0.690161 0.690161
-1.22365904 -0.271773994 -3.85248399 0.293626 0.293626 0.293626
2.80834103 -0.37499401 1.97259605 0.405657 0.405657 0.405657
3.70054102 1.26710606 -1.35936403 0.6247437 0.6247437 0.6247437
4.1809411 0.748705983 -0.471614003 0.504723 0.504723 0.504723
2.53554106 -0.659604013 -0.0822639987 0.445161 0.445161 0.445161
1.73184097 -0.727054 -2.0398941 0.103308 0.103308 0.103308
0.752941012 1.24620605 -2.42653394 0.376167 0.376167 0.376167
-1.94027901 0.529305995 -2.87056398 0.350834 0.350834 0.350834
-0.0195589997 0.850305974 -0.771853983 0.376167 0.376167 0.376167
4.0870409 0.536405981 0.624495983 0.505257 0.505257 0.505257
-1.31690896 0.801306009 -1.56830394 0.288042 0.288042 0.288042
2.73964095 -0.508704007 -1.40215397 0.416071 0.416071 0.416071
4.12564087 0.432705998 -0.0494240001 0.504723 0.504723 0.504723
0.728640974 -0.572354019 -3.50197411 -0.071666 -0.071666 -0.071666
-1.21719897 -0.839183986 -3.42162395 0.246231 0.246231 0.246231
1.68854105 -0.870953977 0.546195984 0.369413 0.369413 0.369413
-0.895228982 -0.556384027 -3.76185393 0.27287 0.27287 0.27287
2.26844096 -0.709414005 -0.535614014 0.435102 0.435102 0.435102
0.186241001 0.81220597 0.140706003 0.6766662 0.6766662 0.6766662
3.29734111 0.979906023 2.28149605 0.53011397 0.53011397 0.53011397
3.57684112 0.144705996 1.49949598 0.489962 0.489962 0.489962
2.83784103 -0.528204024 -0.495564014 0.44177 0.44177 0.44177
1.88994098 -0.783133984 -0.895424008 0.351211 0.351211 0.351211
-0.347959012 1.01910603 -2.89730406 0.376167 0.376167 0.376167
-0.755329013 0.84770602 -1.37913406 0.356584 0.356584 0.356584
3.290941 -0.199453995 -1.36257398 0.454091 0.454091 0.454091
3.28714108 1.490906 1.23499596 0.656687 0.656687 0.656687
2.98474097 -0.0978040025 -2.29048395 0.402608 0.402608 0.402608
1.36484098 1.21900594 -1.35928404 0.847537 0.847537 0.847537
1.68154097 -0.782553971 -1.67795396 0.309462 0.309462 0.309462
-0.0596590005 -1.06181395 -1.68901396 -0.5622928 -0.5622928 -0.5622928
2.2903409 0.381006002 -3.34832406 0.3441068 0.3441068 0.3441068
-0.577458978 1.00110602 -2.16276407 0.350834 0.350834 0.350834
1.24374104 1.07140601 0.684396029 0.672515 0.672515 0.672515
2.91474104 -0.510523975 0.930495977 0.435154 0.435154 0.435154
0.902341008 -0.944573998 -1.14403403 -0.066714 -0.066714 -0.066714
-0.839748979 0.521606028 -3.77508402 0.347117 0.347117 0.347117
4.0483408 1.04160595 -0.934924006 0.514815 0.514815 0.514815
-0.546859026 1.00020599 -2.57135391 0.376167 0.376167 0.376167
2.93224096 1.521106 0.0981860012 0.674607 0.674607 0.674607
2.3068409 -0.595293999 -1.818344 0.377485 0.377485 0.377485
1.00394106 1.26360595 -2.85987401 0.376167 0.376167 0.376167
3.5942409 1.49320602 0.682695985 0.6560316 0.6560316 0.6560316
3.02984095 0.258605987 -2.68406391 0.4534758 0.4534758 0.4534758
2.65464091 1.18410599 -2.6805141 0.5706039 0.5706039 0.5706039
-0.821238995 -1.13047397 -2.68153405 -0.593184 -0.593184 -0.593184
-1.40256906 0.509405971 -3.54647398 0.350834 0.350834 0.350834
-1.45241904 -1.24451399 -2.43390393 -0.617002 -0.617002 -0.617002
-0.661849022 0.763206005 -3.53581405 0.347117 0.347117 0.347117
1.60514104 0.186105996 -3.6591239 0.161081 0.161081 0.161081
3.07644105 0.948906004 -2.63075399 0.4888662 0.4888662 0.4888662
0.0301409997 -1.02532399 -0.732464015 -0.533474 -0.533474 -0.533474
-2.06433892 0.0564059988 -3.46892405 0.240321 0.240321 0.240321
-0.845688999 0.842505991 -3.25257397 0.350834 0.350834 0.350834
1.52744102 -0.844614029 -1.27382398 0.309462 0.309462 0.309462
2.52714109 -0.61420399 -0.945414007 0.426294 0.426294 0.426294
-0.561258972 -1.13770401 -1.91915405 -0.593184 -0.593184 -0.593184
3.25304103 1.39420605 -1.69358397 0.6073618 0.6073618 0.6073618
0.639041007 0.907006025 -0.173444003 0.864902 0.864902 0.864902
-2.92418909 -0.517674029 -2.83178401 0.232839 0.232839 0.232839
0.530241013 1.15520597 -1.99466395 0.376167 0.376167 0.376167
0.333941013 1.167606 -2.84807396 0.376167 0.376167 0.376167
