-1.4849189519882202 0.6656060218811035 -3.151304006576538
1.636841058731079 -0.8481540083885193 -0.45895400643348694
3.7320408821105957 0.18790599703788757 -1.31973397731781
-0.2180590033531189 -0.4893740117549896 -3.8065240383148193
-1.078099012374878 0.8917059898376465 -2.4204540252685547
2.9318408966064453 1.4470059871673584 1.7937959432601929
2.4216411113739014 1.4547059535980225 0.9047960042953491
0.4955410063266754 -0.3807539939880371 -3.7784640789031982
0.053640998899936676 1.122905969619751 -2.4415841102600098
0.2525410056114197 0.8499060273170471 0.5709959864616394
0.40914100408554077 0.9688060283660889 -1.1462140083312988
2.016340970993042 1.414005994796753 -2.211993932723999
2.4895410537719727 0.8351060152053833 -3.1685240268707275
-1.0257190465927124 -1.2083740234375 -2.1565539836883545
0.768841028213501 -0.9048140048980713 -2.371243953704834
3.3279409408569336 -0.21281400322914124 1.1733959913253784
-0.17975899577140808 0.8956059813499451 -1.2232240438461304
2.8976409435272217 -0.3308739960193634 -1.8274439573287964
0.01394100021570921 -0.7208939790725708 -3.5096139907836914
-2.201219081878662 -0.8285840153694153 -3.217494010925293
3.468740940093994 -0.19059400260448456 0.6979960203170776
-0.013058999553322792 1.0674060583114624 -2.0130341053009033
0.5740410089492798 -0.8714240193367004 -2.8509440422058105
0.34144100546836853 -0.9820939898490906 -0.31698399782180786
3.3802409172058105 0.5529059767723083 2.2560958862304688
1.6719410419464111 1.292106032371521 -2.835763931274414
2.491940975189209 -0.39408400654792786 -2.298933982849121
2.0298409461975098 -0.5870940089225769 -2.285773992538452
0.566440999507904 -0.9618740081787109 -1.878424048423767
3.4460411071777344 0.6985059976577759 -2.3457140922546387
3.367141008377075 0.017976000905036926 -1.8160640001296997
3.2323410511016846 0.05170600116252899 2.114896059036255
2.1285409927368164 -0.49712398648262024 2.652895927429199
3.7965409755706787 1.2696059942245483 1.178995966911316
1.0594409704208374 -0.9331039786338806 -0.3696340024471283
3.614640951156616 0.458406001329422 1.8074959516525269
1.2798409461975098 -0.8969839811325073 -0.8351839780807495
-0.48375898599624634 0.7507060170173645 -0.47493401169776917
1.8279409408569336 -0.8670340180397034 1.0176960229873657
3.8678410053253174 0.12210600078105927 0.3467459976673126
2.225040912628174 1.1757060289382935 2.845196008682251
1.1881409883499146 -0.1975339949131012 -3.6779239177703857
1.832340955734253 -0.8033040165901184 1.991595983505249
0.21104100346565247 1.0275059938430786 -1.5793839693069458
4.01314115524292 1.2736059427261353 0.47659599781036377
-0.10105899721384048 0.185806006193161 -4.007984161376953
-0.12465900182723999 -1.0032639503479004 -2.8363239765167236
3.1140410900115967 -0.3826040029525757 -0.930404007434845
2.528740882873535 1.3525060415267944 2.3306961059570312
3.056941032409668 -0.4586139917373657 -0.045093998312950134
0.4400410056114197 -0.9980440139770508 -1.4638739824295044
3.806941032409668 1.4026060104370117 -0.6731439828872681
-0.43025898933410645 -0.9844740033149719 -3.1243340969085693
-1.429589033126831 0.10520599782466888 -3.7817440032958984
2.3182408809661865 -0.22699399292469025 2.9505960941314697
3.8001410961151123 0.1815059930086136 0.9580960273742676
-0.1320589929819107 1.0013060569763184 -3.2357940673828125
2.477540969848633 1.434306025505066 0.43478599190711975
1.1914410591125488 -0.7361040115356445 -2.7602739334106445
-1.158149003982544 -1.0722739696502686 -3.0395240783691406
2.5436410903930664 -0.17911399900913239 -2.735614061355591
1.3085410594940186 -0.9676439762115479 1.2773959636688232
3.8184409141540527 0.03691599890589714 -0.2923339903354645
2.4470410346984863 1.396806001663208 -0.11385399848222733
1.3778409957885742 1.272305965423584 1.6353960037231445
0.372640997171402 -1.0079439878463745 -1.0363539457321167
3.348241090774536 0.26500600576400757 -2.22723388671875
2.7061409950256348 1.0269060134887695 2.803596019744873
0.8046410083770752 1.1213059425354004 -1.5019140243530273
0.0595409981906414 0.8097059726715088 -0.3115839958190918
1.4513410329818726 -0.7392339706420898 -2.43174409866333
0.3437409996986389 0.5588060021400452 -3.9005839824676514
-2.072988986968994 0.33470600843429565 -3.2020740509033203
-1.7514890432357788 -1.0011440515518188 -3.1382439136505127
2.8936409950256348 0.5711060166358948 -2.934174060821533
1.919240951538086 1.2919059991836548 0.7088959813117981
0.47794100642204285 0.8732060194015503 -3.684324026107788
1.0200409889221191 0.8168060183525085 -3.7171239852905273
-0.5075590014457703 -0.22011399269104004 -3.970844030380249
-0.8713390231132507 0.9085059762001038 -1.8249139785766602
-1.0024689435958862 0.8775060176849365 -2.88029408454895
1.928341031074524 -0.5058540105819702 -2.7006940841674805
2.1330409049987793 1.3183059692382812 -0.5750439763069153
2.1136410236358643 1.1214059591293335 -3.0706241130828857
1.987941026687622 -0.7881439924240112 -0.14057399332523346
-1.267488956451416 0.8474060297012329 -2.042933940887451
1.0815409421920776 -0.900484025478363 -1.5866039991378784
2.931140899658203 0.1435060054063797 2.6239960193634033
-0.33875900506973267 0.9662060141563416 -1.6779040098190308
3.3665409088134766 -0.28093400597572327 -0.45262399315834045
1.5446410179138184 -0.5278639793395996 -2.9845941066741943
1.8786410093307495 -0.00999400019645691 -3.4374539852142334
1.6212409734725952 1.165205955505371 -0.259553998708725
0.955141007900238 -0.677623987197876 -3.163503885269165
0.47954100370407104 1.0861059427261353 -3.2767341136932373
1.1770410537719727 -0.8576440215110779 -2.0348639488220215
3.19684100151062 -0.1833840012550354 1.6610959768295288
-0.10775899887084961 -1.058053970336914 -1.2315740585327148
2.249140977859497 1.3122060298919678 -2.593074083328247
1.4236409664154053 1.337406039237976 -2.3433339595794678
4.100740909576416 1.1822060346603394 -0.23821400105953217
-0.7631589770317078 0.13670599460601807 -3.9669439792633057
2.0486409664154053 -0.22754399478435516 -3.0819239616394043
3.7005410194396973 0.4736059904098511 -1.8033740520477295
-0.6435589790344238 -0.829613983631134 -3.4687139987945557
1.6149410009384155 1.1734060049057007 0.30763599276542664
3.8281409740448 0.886106014251709 -1.6630040407180786
1.0445410013198853 1.1288059949874878 -3.297774076461792
1.5629409551620483 1.1900060176849365 -0.8101239800453186
-0.22805899381637573 0.5518059730529785 -3.881093978881836
-1.9088890552520752 -0.3499639928340912 -3.5926640033721924
0.21894100308418274 -0.9824039936065674 -2.5230441093444824
2.300240993499756 -0.5746639966964722 2.2190959453582764
3.1457409858703613 -0.4139840006828308 0.4431160092353821
3.5074410438537598 -0.19528399407863617 0.10841599851846695
1.9449410438537598 1.339005947113037 -1.1914139986038208
1.321640968322754 0.49690601229667664 -3.766263961791992
-0.11385899782180786 0.8386059999465942 -3.6326239109039307
2.832540988922119 -0.49346399307250977 1.442795991897583
0.23194099962711334 -0.09588400274515152 -3.9765539169311523
2.69714093208313 1.501505970954895 1.3229960203170776
4.061241149902344 0.9481059908866882 0.9577959775924683
1.418341040611267 -0.36832401156425476 -3.372364044189453
2.48724102973938 1.4369059801101685 -1.049183964729309
2.995640993118286 1.236706018447876 2.259995937347412
2.36224102973938 -0.6583340167999268 1.7345960140228271
1.5542409420013428 1.240906000137329 1.116495966911316
2.1339409351348877 -0.6998339891433716 -1.3531240224838257
0.6267409920692444 0.9393060207366943 0.8553959727287292
0.9626410007476807 1.0601060390472412 -0.9855340123176575
-1.524278998374939 0.7471060156822205 -2.6797940731048584
1.2289409637451172 -0.9584439992904663 0.8117960095405579
2.037240982055664 1.3953059911727905 1.3428959846496582
1.1085410118103027 1.0292060375213623 -0.5004839897155762
1.7034410238265991 1.345005989074707 -1.7817339897155762
1.449241042137146 -0.8900439739227295 0.03951599821448326
2.387341022491455 -0.6954939961433411 1.2076959609985352
3.6160409450531006 -0.06380400061607361 -0.8681640028953552
1.1049410104751587 1.255005955696106 -1.9078539609909058
-0.6129590272903442 -1.1302340030670166 -1.4346139430999756
0.28804099559783936 -0.8268340229988098 -3.20686411857605
1.504641056060791 1.0811059474945068 -3.3017940521240234
3.4255409240722656 1.292006015777588 1.7498960494995117
0.6439409852027893 0.35730600357055664 -3.944714069366455
1.1435409784317017 1.0260059833526611 0.06612599641084671
2.303941011428833 1.442605972290039 -1.6487640142440796
2.674241065979004 -0.6228240132331848 0.3911359906196594
2.1021409034729004 -0.780243992805481 0.2709760069847107
2.3782410621643066 1.455306053161621 1.8444960117340088
4.013240814208984 0.33240601420402527 -0.7232139706611633
3.3661410808563232 1.54680597782135 0.2290859967470169
3.014341115951538 1.508505940437317 -0.8920140266418457
0.9222409725189209 0.04747600108385086 -3.878243923187256
2.968040943145752 0.6464059948921204 2.7331960201263428
3.7829411029815674 1.4560060501098633 -0.0062339999713003635
0.7438409924507141 0.9279059767723083 0.3692759871482849
0.550940990447998 0.926505982875824 -0.6517239809036255
1.7624410390853882 0.8582059741020203 -3.461724042892456
0.785440981388092 -0.9654240012168884 0.039135999977588654
3.9114410877227783 0.5526059865951538 1.280195951461792
3.3535408973693848 1.5484060049057007 -0.4002839922904968
-0.3895590007305145 -1.0954639911651611 -2.375983953475952
1.9531409740447998 1.3671059608459473 2.4546959400177
3.068341016769409 1.2518060207366943 -2.2293639183044434
0.9929410219192505 1.1035059690475464 1.1960959434509277
3.7594408988952637 0.9232059717178345 1.7073960304260254
2.9938409328460693 1.5521060228347778 0.7186959981918335
2.296441078186035 -0.7435539960861206 0.7419959902763367
-1.7632789611816406 -1.1969939470291138 -2.6789538860321045
3.417241096496582 1.4803060293197632 -1.0707939863204956
1.4316409826278687 1.3269059658050537 2.2068960666656494
0.6757410168647766 -0.9559239745140076 -0.6955639719963074
4.01284122467041 0.6250060200691223 -1.187824010848999
-1.5921590328216553 -0.65830397605896 -3.554044008255005
1.9443409442901611 0.5340059995651245 -3.5058839321136475
2.7403409481048584 1.4673060178756714 -0.48676401376724243
-1.6995290517807007 0.7334060072898865 -2.239543914794922
4.207241058349609 0.8855059742927551 0.22437599301338196
0.10484100133180618 -1.0312139987945557 -2.1231141090393066
-0.6122589707374573 0.7938060164451599 -0.9368939995765686
1.1313409805297852 -0.9480839967727661 0.39894598722457886
2.868441104888916 1.4874060153961182 -1.4344340562820435
2.522341012954712 0.14300599694252014 -3.0869340896606445
3.5102410316467285 1.0892059803009033 -2.010793924331665
2.6553409099578857 1.4258060455322266 -2.070283889770508
2.0518410205841064 1.2983059883117676 0.06613600254058838
-1.2236590385437012 -0.2717739939689636 -3.8524839878082275
2.581840991973877 0.23490600287914276 2.999295949935913
2.8083410263061523 -0.3749940097332001 1.9725960493087769
2.6795411109924316 -0.2532140016555786 2.470396041870117
3.7005410194396973 1.267106056213379 -1.3593640327453613
4.180941104888916 0.7487059831619263 -0.4716140031814575
2.53554105758667 -0.659604012966156 -0.0822639986872673
1.731840968132019 -0.7270539999008179 -2.0398941040039062
0.7529410123825073 1.2462060451507568 -2.4265339374542236
-1.9402790069580078 0.5293059945106506 -2.8705639839172363
1.8827409744262695 -0.8486840128898621 1.4944959878921509
-0.019558999687433243 0.85030597448349 -0.7718539834022522
4.087040901184082 0.5364059805870056 0.6244959831237793
-1.3169089555740356 0.8013060092926025 -1.5683039426803589
2.739640951156616 -0.5087040066719055 -1.4021539688110352
4.125640869140625 0.43270599842071533 -0.04942400008440018
0.7286409735679626 -0.5723540186882019 -3.501974105834961
-1.2171989679336548 -0.8391839861869812 -3.421623945236206
1.688541054725647 -0.8709539771080017 0.5461959838867188
-0.8952289819717407 -0.5563840270042419 -3.7618539333343506
2.2684409618377686 -0.709414005279541 -0.535614013671875
0.1862410008907318 0.812205970287323 0.14070600271224976
3.2973411083221436 0.9799060225486755 2.281496047973633
3.576841115951538 0.14470599591732025 1.4994959831237793
2.837841033935547 -0.5282040238380432 -0.4955640137195587
1.8899409770965576 -0.7831339836120605 -0.8954240083694458
-0.3479590117931366 1.0191060304641724 -2.897304058074951
-0.7553290128707886 0.8477060198783875 -1.3791340589523315
3.290940999984741 -0.19945399463176727 -1.3625739812850952
3.2871410846710205 1.490906000137329 1.23499596118927
2.984740972518921 -0.0978040024638176 -2.2904839515686035
1.8725409507751465 1.3821059465408325 1.877195954322815
1.3648409843444824 1.2190059423446655 -1.3592840433120728
1.6815409660339355 -0.7825539708137512 -1.6779539585113525
-0.05965900048613548 -1.0618139505386353 -1.689013957977295
2.2903409004211426 0.38100600242614746 -3.3483240604400635
-0.5774589776992798 1.0011060237884521 -2.162764072418213
1.2437410354614258 1.0714060068130493 0.6843960285186768
2.914741039276123 -0.5105239748954773 0.9304959774017334
0.9023410081863403 -0.9445739984512329 -1.1440340280532837
-0.8397489786148071 0.5216060280799866 -3.7750840187072754
4.048340797424316 1.0416059494018555 -0.9349240064620972
-0.5468590259552002 1.0002059936523438 -2.5713539123535156
2.9322409629821777 1.5211060047149658 0.09818600118160248
2.429641008377075 0.6273059844970703 3.1724960803985596
2.3068408966064453 -0.5952939987182617 -1.818343997001648
1.0039410591125488 1.2636059522628784 -2.8598740100860596
3.59424090385437 1.4932060241699219 0.6826959848403931
3.0298409461975098 0.2586059868335724 -2.6840639114379883
2.6546409130096436 1.1841059923171997 -2.680514097213745
-0.8212389945983887 -1.1304739713668823 -2.6815340518951416
-1.402569055557251 0.5094059705734253 -3.546473979949951
-1.4524190425872803 -1.244513988494873 -2.433903932571411
-0.6618490219116211 0.7632060050964355 -3.535814046859741
1.605141043663025 0.18610599637031555 -3.6591238975524902
3.0764410495758057 0.9489060044288635 -2.630753993988037
0.03014099970459938 -1.0253239870071411 -0.7324640154838562
-2.0643389225006104 0.05640599876642227 -3.468924045562744
-0.8456889986991882 0.8425059914588928 -3.2525739669799805
1.5274410247802734 -0.8446140289306641 -1.2738239765167236
2.5271410942077637 -0.6142039895057678 -0.9454140067100525
-0.5612589716911316 -1.1377040147781372 -1.9191540479660034
3.2530410289764404 1.3942060470581055 -1.6935839653015137
0.639041006565094 0.907006025314331 -0.173444002866745
0.5302410125732422 1.1552059650421143 -1.994663953781128
0.3339410126209259 1.167605996131897 -2.848073959350586
