-3.4249989986419678 -0.8554540276527405 2.2573959827423096
-1.7567189931869507 0.6820060014724731 0.8075960278511047
0.911641001701355 -0.8280540108680725 3.040695905685425
-3.3380188941955566 0.2637059986591339 1.386896014213562
-1.7962290048599243 0.7157059907913208 1.2149959802627563
-0.20465900003910065 0.6585059762001038 3.627795934677124
-2.160578966140747 -0.04427399858832359 3.331995964050293
-1.9626389741897583 -1.1264640092849731 3.026495933532715
0.009940999560058117 1.0617059469223022 2.9212958812713623
-1.6752190589904785 -1.3369640111923218 2.4540960788726807
-1.0080690383911133 -1.305914044380188 1.804095983505249
-2.5300490856170654 0.4951060116291046 2.133795976638794
-1.9606989622116089 -1.392874002456665 1.4922959804534912
-2.6852290630340576 0.5503060221672058 -0.7066940069198608
-2.2977089881896973 0.61940598487854 0.5861960053443909
-3.5213189125061035 -0.0838640034198761 1.8331960439682007
-0.3603590130805969 -0.8890740275382996 3.534895896911621
-2.0360488891601562 0.25090599060058594 3.181796073913574
-3.0222489833831787 0.47120600938796997 -0.260453999042511
-3.2953689098358154 -0.8095740079879761 -2.3714640140533447
-1.5211989879608154 0.7966060042381287 2.3290960788726807
1.3641409873962402 -0.9491239786148071 1.757796049118042
-3.098809003829956 -1.3825639486312866 1.671895980834961
-1.214439034461975 0.759306013584137 -1.1305439472198486
-2.777878999710083 -0.9512040019035339 -2.7620339393615723
-3.5477089881896973 -0.4500940144062042 2.114896059036255
-2.3365890979766846 0.6298059821128845 1.022096037864685
0.8485410213470459 1.2246060371398926 2.0760960578918457
1.3142410516738892 1.2877060174942017 2.779995918273926
-2.7095589637756348 -1.280743956565857 -2.2245140075683594
0.5411409735679626 -0.8695939779281616 3.255795955657959
-0.20005899667739868 -1.0535039901733398 3.208996057510376
-3.7564990520477295 0.06660600006580353 0.7769960165023804
-3.9673590660095215 -1.3283640146255493 -0.08846399933099747
-1.8132989406585693 0.7260059714317322 -1.7911839485168457
0.7646409869194031 -0.18111400306224823 3.7864959239959717
0.1747409999370575 -1.149783968925476 2.1318960189819336
1.6344410181045532 -0.6173639893531799 2.9421958923339844
0.17684100568294525 1.0275059938430786 1.6811959743499756
-2.5004289150238037 -1.3897340297698975 0.0498960018157959
-2.0510289669036865 0.6192060112953186 2.4802958965301514
-3.125098943710327 -0.43031400442123413 2.6632959842681885
-0.7365189790725708 -1.247033953666687 1.4233959913253784
-3.25455904006958 0.13750599324703217 -1.8906739950180054
-0.7717490196228027 0.8564059734344482 1.5523960590362549
-2.1400890350341797 0.5487059950828552 -2.4651639461517334
-2.1456990242004395 0.43220600485801697 2.838696002960205
-3.6566390991210938 -1.327273964881897 -1.2058340311050415
1.990941047668457 0.8894060254096985 3.301896095275879
-3.563009023666382 -1.0784939527511597 -1.8078240156173706
-2.62955904006958 -1.4386240243911743 -1.05281400680542
0.6683409810066223 -0.48487401008605957 3.6607959270477295
-2.1713690757751465 -1.329874038696289 0.45709601044654846
-0.5420590043067932 -1.0849440097808838 -0.9327340126037598
-3.82374906539917 -0.821973979473114 1.6508959531784058
-2.106998920440674 0.6244059801101685 -0.5586240291595459
1.8264410495758057 0.40430599451065063 3.5188961029052734
-0.1758590042591095 -1.1775439977645874 1.4185960292816162
0.9888409972190857 -0.5518140196800232 3.4775960445404053
-3.672658920288086 0.13100600242614746 -0.8552240133285522
-1.2004289627075195 0.7454059720039368 1.0816960334777832
-4.140549182891846 -0.7335839867591858 -0.8468739986419678
-3.094119071960449 -1.123993992805481 -2.2250139713287354
-3.149998903274536 -0.062233999371528625 2.4077959060668945
-0.4006589949131012 -1.241413950920105 1.9034960269927979
1.4006409645080566 -0.17402400076389313 3.5974960327148438
-1.6306090354919434 0.5210059881210327 3.1151959896087646
-1.9106889963150024 0.6404060125350952 0.3624260127544403
-1.0937689542770386 -1.170714020729065 -1.1200939416885376
-2.0383288860321045 0.6204059720039368 -0.05889400094747543
-3.683248996734619 -0.06274399906396866 -1.4216439723968506
-0.9932190179824829 -0.5222439765930176 3.780695915222168
-2.148329019546509 -1.3259340524673462 -2.1784839630126953
-3.777878999710083 -1.387444019317627 0.5332959890365601
-0.11235900223255157 -1.0878740549087524 0.5731959939002991
1.2549409866333008 0.1516059935092926 3.713995933532715
0.40344101190567017 1.1658060550689697 2.5153961181640625
1.2306410074234009 -0.8446739912033081 2.6784958839416504
-2.34053897857666 0.6142060160636902 -1.4967939853668213
-1.531129002571106 0.8024060130119324 1.9418959617614746
-3.474458932876587 -1.3941140174865723 1.1274960041046143
-1.097128987312317 -1.2206039428710938 1.0324959754943848
-3.0034289360046387 -1.4918140172958374 0.04121600091457367
-4.003788948059082 -0.25265398621559143 -0.8743039965629578
-4.185099124908447 -0.4757840037345886 -0.2802940011024475
-1.0460389852523804 0.6944059729576111 3.191796064376831
-3.8903090953826904 -1.1584340333938599 1.1045960187911987
-2.010098934173584 -1.2929539680480957 -0.21631400287151337
1.7380410432815552 -0.7560639977455139 2.4353959560394287
-0.06935899704694748 0.8204060196876526 0.9270960092544556
-0.6355590224266052 0.8002060055732727 1.127195954322815
-4.225549221038818 -0.6694939732551575 0.37102600932121277
-1.4105089902877808 -1.3055139780044556 1.425995945930481
0.1675409972667694 1.1024060249328613 2.1054959297180176
-2.3008289337158203 0.5797060132026672 -1.9955639839172363
-1.4800490140914917 -1.3673039674758911 2.012495994567871
-1.177278995513916 -1.3061540126800537 2.668895959854126
-0.553259015083313 -1.221724033355713 2.8221960067749023
-2.6300790309906006 -0.4226039946079254 3.087996006011963
-0.2839590013027191 -1.2167240381240845 2.4249958992004395
0.830640971660614 -1.0407040119171143 1.5207959413528442
0.5768409967422485 -1.0239039659500122 0.578495979309082
-0.7304890155792236 0.7308059930801392 0.7347959876060486
0.769940972328186 0.22920599579811096 3.8362960815429688
2.0892410278320312 0.09290599822998047 3.3370959758758545
-3.669929027557373 0.16810600459575653 0.25246599316596985
0.14014099538326263 -1.0846240520477295 2.934796094894409
0.8512409925460815 0.6074060201644897 3.7120959758758545
-2.46825909614563 -0.46416398882865906 -3.2542340755462646
-0.203358992934227 0.9036059975624084 1.3866959810256958
1.3926409482955933 0.5802059769630432 3.626796007156372
-2.505129098892212 0.28370600938796997 -2.7569739818573
0.25304099917411804 -1.109694004058838 2.506596088409424
0.18194100260734558 0.2504059970378876 3.9054958820343018
0.781840980052948 -1.043653964996338 1.9336960315704346
-3.185429096221924 0.42470601201057434 0.22028599679470062
-3.531809091567993 -1.1952840089797974 1.7050960063934326
-2.097158908843994 -1.3402539491653442 -0.8639940023422241
-1.1350990533828735 -1.2194639444351196 -1.635043978691101
0.2600409984588623 -0.8032839894294739 3.4869959354400635
-3.8611690998077393 -0.44407400488853455 1.4899959564208984
0.1521410048007965 -1.0998040437698364 0.9461960196495056
0.7127410173416138 1.1409059762954712 1.6517959833145142
-2.285378932952881 -1.1593639850616455 -2.7251338958740234
-1.841068983078003 0.7233060002326965 1.6460959911346436
-0.45935899019241333 1.0164060592651367 2.2259960174560547
0.20184099674224854 -1.0176739692687988 0.18915599584579468
-2.8418290615081787 0.4219059944152832 -1.7192139625549316
-1.6318490505218506 -0.014763999730348587 3.5925960540771484
-1.5611389875411987 -1.2304940223693848 2.9693961143493652
-2.521188974380493 0.5737059712409973 -0.2657339870929718
-3.1754989624023438 -1.4679739475250244 -1.143623948097229
-2.0363290309906006 -0.8905439972877502 3.2912960052490234
-1.670868992805481 0.6850060224533081 -0.8762840032577515
-2.7221789360046387 -1.4455939531326294 0.5580959916114807
-2.1439290046691895 -1.2951040267944336 2.5405960083007812
-1.3023890256881714 -1.2006239891052246 0.6431959867477417
-0.21575899422168732 0.35590600967407227 3.8423960208892822
-0.9201589822769165 -1.1246440410614014 3.2519960403442383
0.22524100542068481 -1.137294054031372 1.7494959831237793
-0.7861989736557007 -1.0958240032196045 -0.17607399821281433
-1.3039989471435547 0.6896060109138489 0.5736960172653198
1.2752410173416138 -0.9153940081596375 2.204296112060547
-2.1266090869903564 0.6804059743881226 1.9854960441589355
0.9569410085678101 1.0831060409545898 3.279995918273926
-1.5626389980316162 0.657505989074707 -0.36704400181770325
-0.3850589990615845 0.7236059904098511 0.010975999757647514
-3.9230990409851074 -0.49549400806427 -1.432013988494873
-2.575289011001587 0.5747060179710388 0.18127599358558655
-1.4099290370941162 -0.9618539810180664 3.454296112060547
-1.5739190578460693 -1.2159539461135864 -0.7114440202713013
-2.636478900909424 -1.3511539697647095 2.158996105194092
0.7627410292625427 -1.012503981590271 2.373095989227295
-3.92677903175354 -0.05283400043845177 -0.3070639967918396
0.2939409911632538 0.980105996131897 3.322096109390259
0.35364100337028503 -1.106063961982727 1.3428959846496582
-2.4467389583587646 -0.7830740213394165 3.110595941543579
-1.7618889808654785 -1.2997339963912964 0.9461960196495056
-2.697899103164673 -0.0630439966917038 -3.002243995666504
0.640841007232666 -0.9808139801025391 2.7630960941314697
-1.050858974456787 -1.1343239545822144 0.2111559957265854
-0.3607589900493622 0.8536059856414795 3.2536959648132324
-2.2306690216064453 0.6340060234069824 -1.0335240364074707
-0.16395899653434753 -1.039023995399475 -0.13296400010585785
-0.3544589877128601 -1.0580140352249146 -0.4959839880466461
-2.665739059448242 0.30460599064826965 2.4899959564208984
-0.42775899171829224 -1.0817240476608276 0.23691600561141968
-2.096879005432129 -1.4019739627838135 2.006295919418335
-3.095768928527832 -1.1876840591430664 2.249095916748047
-4.128129005432129 -1.086374044418335 0.48689600825309753
-1.6305389404296875 -1.2954139709472656 -1.868474006652832
-0.7688590288162231 0.5651059746742249 3.506795883178711
-2.1511390209198 -1.3662840127944946 -1.5053240060806274
-1.7906689643859863 0.7135059833526611 -1.3134740591049194
-2.856189012527466 0.4958060085773468 1.1935960054397583
-0.9251890182495117 0.9307060241699219 2.507296085357666
-0.8376190066337585 0.6953060030937195 0.28339600563049316
-2.548548936843872 -1.4243639707565308 1.589095950126648
-2.6582789421081543 -1.4171340465545654 -1.6492940187454224
0.6538410186767578 1.1710059642791748 2.9535961151123047
-4.042969226837158 -0.36485400795936584 0.8358960151672363
-3.526489019393921 -1.4949840307235718 -0.025273999199271202
0.9435409903526306 1.2503060102462769 2.522995948791504
-4.223848819732666 -0.9366539716720581 -0.173444002866745
0.29064100980758667 -0.13640399277210236 3.8741960525512695
-2.557318925857544 -1.1203440427780151 2.7574961185455322
-3.287539005279541 -1.4936540126800537 0.5793960094451904
-0.5946589708328247 -0.04856399819254875 3.9112958908081055
-0.9593589901924133 0.6940060257911682 -0.19875399768352509
-3.0895090103149414 0.22900600731372833 1.9824960231781006
-2.7946488857269287 0.5070059895515442 -1.1810840368270874
-3.928009033203125 -0.950514018535614 -1.3458240032196045
-1.6369589567184448 -1.2742040157318115 -1.2694040536880493
-3.5499188899993896 -0.24309399724006653 -2.0005040168762207
-0.9852790236473083 0.8943060040473938 2.008496046066284
-4.049549102783203 -0.204584002494812 0.2972260117530823
0.37174099683761597 0.9720060229301453 1.2501959800720215
-3.0467588901519775 0.03454599902033806 -2.4436240196228027
-0.7195690274238586 -1.1370340585708618 0.6345959901809692
-3.158539056777954 -1.349784016609192 -1.7060940265655518
-0.2790589928627014 0.7471060156822205 0.45849600434303284
-2.650109052658081 0.030535999685525894 2.922696113586426
-3.2511990070343018 -0.3682140111923218 -2.4887640476226807
-1.6675390005111694 -1.2290940284729004 0.2979860007762909
-3.511898994445801 0.27130600810050964 -0.2652539908885956
-2.974608898162842 -0.8566139936447144 2.7342960834503174
-1.094128966331482 0.717706024646759 -0.654994010925293
-0.4528590142726898 -1.1584140062332153 1.0135960578918457
-1.450158953666687 0.33870598673820496 3.4699959754943848
-4.085079193115234 -0.786083996295929 1.0172959566116333
-2.013369083404541 -0.42874398827552795 3.4854960441589355
-1.5871189832687378 -0.5849339962005615 3.599195957183838
-1.4280790090560913 0.7587059736251831 2.798595905303955
0.04644099995493889 -0.5569339990615845 3.7842960357666016
-3.684669017791748 -0.6795840263366699 -1.9364540576934814
-0.6865990161895752 0.9149060249328613 2.917896032333374
-1.4192290306091309 0.659305989742279 0.10592599958181381
-1.3117790222167969 0.7988060116767883 1.5465960502624512
1.6668410301208496 1.1979060173034668 3.0298960208892822
-2.3210289478302 0.6338059902191162 1.4825960397720337
-2.836458921432495 0.5323060154914856 0.6562960147857666
-0.86114901304245 -1.3067740201950073 2.294095993041992
-0.3113589882850647 -0.32769399881362915 3.9055960178375244
-3.734009027481079 -0.07483399659395218 1.2716959714889526
-1.4070589542388916 -1.1762239933013916 -0.21092399954795837
-2.3671789169311523 -1.400033950805664 1.0227960348129272
0.47554099559783936 0.7342060208320618 3.681596040725708
-4.023649215698242 -1.1888439655303955 -0.7117540240287781
1.3035409450531006 0.9213060140609741 3.446995973587036
-0.9925690293312073 -1.1238739490509033 -0.6108440160751343
-3.3380789756774902 0.3425059914588928 0.779695987701416
-0.2317589968442917 1.0627059936523438 2.546895980834961
-3.107038974761963 -1.5104140043258667 -0.5526840090751648
-3.223198890686035 0.38240599632263184 -0.7731840014457703
-2.7435688972473145 0.48060598969459534 1.6938960552215576
-2.588258981704712 -1.4367539882659912 -0.47487398982048035
-3.638209104537964 -1.4587639570236206 -0.615664005279541
-2.727689027786255 0.34750598669052124 -2.2568039894104004
-1.2839889526367188 -0.18089400231838226 3.7561960220336914
-3.28511905670166 0.27390599250793457 -1.3281739950180054
-0.3575589954853058 0.9684060215950012 1.8372960090637207
-0.703918993473053 -0.7730839848518372 3.688796043395996
1.2344410419464111 -0.6299939751625061 3.225895881652832
0.767641007900238 -1.0386240482330322 1.0487960577011108
-2.9638590812683105 -1.458583950996399 1.1041959524154663
1.7362409830093384 -0.33029401302337646 3.29939603805542
-0.9168189764022827 0.2695060074329376 3.7524960041046143
-2.9241890907287598 -0.5176740288734436 -2.8317840099334717
