-3.424999 -0.855454028 2.25739598 0
1.63684106 -0.848154008 -0.458954006 0
-1.75671899 0.682006001 0.807596028 0
0.911641002 -0.828054011 3.04069591 0
-3.33801889 0.263705999 1.38689601 0
2.9318409 1.44700599 1.79379594 0
-1.796229 0.715705991 1.21499598 0
2.42164111 1.45470595 0.904796004 0
-0.204659 0.658505976 3.62779593 0
-2.16057897 -0.0442739986 3.33199596 0
-1.96263897 -1.12646401 3.02649593 0
0.00994099956 1.06170595 2.92129588 0
0.252541006 0.849906027 0.570995986 0
-1.67521906 -1.33696401 2.45409608 0
-1.00806904 -1.30591404 1.80409598 0
-2.53004909 0.495106012 2.13379598 0
3.32794094 -0.212814003 1.17339599 0
-1.96069896 -1.392874 1.49229598 0
-3.52131891 -0.0838640034 1.83319604 0
-0.360359013 -0.889074028 3.5348959 0
3.46874094 -0.190594003 0.69799602 0
-2.03604889 0.250905991 3.18179607 0
-1.52119899 0.796606004 2.32909608 0
1.36414099 -0.949123979 1.75779605 0
-3.098809 -1.38256395 1.67189598 0
3.38024092 0.552905977 2.25609589 0
-3.54770899 -0.450094014 2.11489606 0
-2.3365891 0.629805982 1.02209604 0
0.848541021 1.22460604 2.07609606 0
1.31424105 1.28770602 2.77999592 0
3.23234105 0.0517060012 2.11489606 0
0.541140974 -0.869593978 3.25579596 0
2.12854099 -0.497123986 2.65289593 0
-0.200058997 -1.05350399 3.20899606 0
3.79654098 1.26960599 1.17899597 0
0.764640987 -0.181114003 3.78649592 0
3.61464095 0.458406001 1.80749595 0
0.174741 -1.14978397 2.13189602 0
1.63444102 -0.617363989 2.94219589 0
1.82794094 -0.867034018 1.01769602 0
3.86784101 0.122106001 0.346745998 0
0.176841006 1.02750599 1.68119597 0
2.22504091 1.17570603 2.84519601 0
-2.05102897 0.619206011 2.4802959 0
-3.12509894 -0.430314004 2.66329598 0
-0.736518979 -1.24703395 1.42339599 0
1.83234096 -0.803304017 1.99159598 0
-0.77174902 0.856405973 1.55239606 0
4.01314116 1.27360594 0.476595998 0
-2.14569902 0.432206005 2.838696 0
1.99094105 0.889406025 3.3018961 0
3.11404109 -0.382604003 -0.930404007 0
0.668340981 -0.48487401 3.66079593 0
2.52874088 1.35250604 2.33069611 0
3.05694103 -0.458613992 -0.0450939983 0
-3.82374907 -0.821973979 1.65089595 0
1.82644105 0.404305995 3.5188961 0
3.80694103 1.40260601 -0.673143983 0
-0.175859004 -1.177544 1.41859603 0
2.31824088 -0.226993993 2.95059609 0
0.988840997 -0.55181402 3.47759604 0
3.8001411 0.181505993 0.958096027 0
-1.20042896 0.745405972 1.08169603 0
2.47754097 1.43430603 0.434785992 0
-3.1499989 -0.0622339994 2.40779591 0
-0.400658995 -1.24141395 1.90349603 0
1.40064096 -0.174024001 3.59749603 0
-1.63060904 0.521005988 3.11519599 0
1.30854106 -0.967643976 1.27739596 0
3.81844091 0.0369159989 -0.29233399 0
-0.993219018 -0.522243977 3.78069592 0
2.44704103 1.396806 -0.113853998 0
-0.112359002 -1.08787405 0.573195994 0
1.377841 1.27230597 1.635396 0
1.25494099 0.151605994 3.71399593 0
0.403441012 1.16580606 2.51539612 0
1.23064101 -0.844673991 2.67849588 0
2.706141 1.02690601 2.80359602 0
-1.531129 0.802406013 1.94189596 0
1.91924095 1.291906 0.708895981 0
-1.09712899 -1.22060394 1.03249598 0
2.1330409 1.31830597 -0.575043976 0
-1.04603899 0.694405973 3.19179606 0
1.98794103 -0.788143992 -0.140573993 0
1.73804104 -0.756063998 2.43539596 0
-0.069358997 0.82040602 0.927096009 0
-0.635559022 0.800206006 1.12719595 0
2.9311409 0.143506005 2.62399602 0
3.36654091 -0.280934006 -0.452623993 0
-1.41050899 -1.30551398 1.42599595 0
0.167540997 1.10240602 2.10549593 0
-1.48004901 -1.36730397 2.01249599 0
-1.177279 -1.30615401 2.66889596 0
-0.553259015 -1.22172403 2.82219601 0
1.62124097 1.16520596 -0.259553999 0
-2.63007903 -0.422603995 3.08799601 0
3.196841 -0.183384001 1.66109598 0
-0.283959001 -1.21672404 2.4249959 0
0.830640972 -1.04070401 1.52079594 0
0.576840997 -1.02390397 0.578495979 0
-0.730489016 0.730805993 0.734795988 0
0.769940972 0.229205996 3.83629608 0
4.10074091 1.18220603 -0.238214001 0
2.08924103 0.0929059982 3.33709598 0
0.140140995 -1.08462405 2.93479609 0
0.851240993 0.60740602 3.71209598 0
-0.203358993 0.903605998 1.38669598 0
1.614941 1.173406 0.307635993 0
1.39264095 0.580205977 3.62679601 0
0.253040999 -1.109694 2.50659609 0
0.181941003 0.250405997 3.90549588 0
0.78184098 -1.04365396 1.93369603 0
-3.53180909 -1.19528401 1.70509601 0
0.260040998 -0.803283989 3.48699594 0
-3.8611691 -0.444074005 1.48999596 0
2.30024099 -0.574663997 2.21909595 0
0.152141005 -1.09980404 0.94619602 0
3.14574099 -0.413984001 0.443116009 0
3.50744104 -0.195283994 0.108415999 0
0.712741017 1.14090598 1.65179598 0
2.83254099 -0.493463993 1.44279599 0
-1.84106898 0.723306 1.64609599 0
-0.45935899 1.01640606 2.22599602 0
0.201840997 -1.01767397 0.189155996 0
2.69714093 1.50150597 1.32299602 0
-1.63184905 -0.0147639997 3.59259605 0
4.06124115 0.948105991 0.957795978 0
2.99564099 1.23670602 2.25999594 0
2.36224103 -0.658334017 1.73459601 0
-1.56113899 -1.23049402 2.96939611 0
1.55424094 1.240906 1.11649597 0
0.626740992 0.939306021 0.855395973 0
-2.03632903 -0.890543997 3.29129601 0
1.22894096 -0.958443999 0.81179601 0
2.03724098 1.39530599 1.34289598 0
-2.143929 -1.29510403 2.54059601 0
-1.30238903 -1.20062399 0.643195987 0
1.44924104 -0.890043974 0.0395159982 0
-0.215758994 0.35590601 3.84239602 0
-0.920158982 -1.12464404 3.25199604 0
0.225241005 -1.13729405 1.74949598 0
-1.30399895 0.689606011 0.573696017 0
2.38734102 -0.695493996 1.20769596 0
3.61604095 -0.0638040006 -0.868164003 0
1.27524102 -0.915394008 2.20429611 0
-2.12660909 0.680405974 1.98549604 0
0.956941009 1.08310604 3.27999592 0
3.42554092 1.29200602 1.74989605 0
1.14354098 1.02600598 0.0661259964 0
2.67424107 -0.622824013 0.391135991 0
2.1021409 -0.780243993 0.270976007 0
2.37824106 1.45530605 1.84449601 0
-1.40992904 -0.961853981 3.45429611 0
4.01324081 0.332406014 -0.723213971 0
3.36614108 1.54680598 0.229085997 0
3.01434112 1.50850594 -0.892014027 0
-2.6364789 -1.35115397 2.15899611 0
0.762741029 -1.01250398 2.37309599 0
2.96804094 0.646405995 2.73319602 0
3.7829411 1.45600605 -0.00623399997 0
0.293940991 0.980105996 3.32209611 0
0.743840992 0.927905977 0.369275987 0
0.353641003 -1.10606396 1.34289598 0
0.785440981 -0.965424001 0.039136 0
-2.44673896 -0.783074021 3.11059594 0
-1.76188898 -1.299734 0.94619602 0
0.640841007 -0.98081398 2.76309609 0
3.91144109 0.552605987 1.28019595 0
3.3535409 1.548406 -0.400283992 0
-0.36075899 0.853605986 3.25369596 0
1.95314097 1.36710596 2.45469594 0
0.992941022 1.10350597 1.19609594 0
-2.66573906 0.304605991 2.48999596 0
-0.427758992 -1.08172405 0.236916006 0
3.7594409 0.923205972 1.70739603 0
2.99384093 1.55210602 0.718695998 0
2.29644108 -0.743553996 0.74199599 0
3.4172411 1.48030603 -1.07079399 0
1.43164098 1.32690597 2.20689607 0
-2.09687901 -1.40197396 2.00629592 0
-3.09576893 -1.18768406 2.24909592 0
-0.768859029 0.565105975 3.50679588 0
4.01284122 0.62500602 -1.18782401 0
2.74034095 1.46730602 -0.486764014 0
-2.85618901 0.495806009 1.19359601 0
-0.925189018 0.930706024 2.50729609 0
4.20724106 0.885505974 0.224375993 0
-0.837619007 0.695306003 0.283396006 0
-2.54854894 -1.42436397 1.58909595 0
1.13134098 -0.948083997 0.398945987 0
0.653841019 1.17100596 2.95359612 0
0.94354099 1.25030601 2.52299595 0
2.05184102 1.29830599 0.0661360025 0
0.29064101 -0.136403993 3.87419605 0
2.58184099 0.234906003 2.99929595 0
2.80834103 -0.37499401 1.97259605 0
-2.55731893 -1.12034404 2.75749612 0
-0.594658971 -0.0485639982 3.91129589 0
2.67954111 -0.253214002 2.47039604 0
4.1809411 0.748705983 -0.471614003 0
2.53554106 -0.659604013 -0.0822639987 0
-3.08950901 0.229006007 1.98249602 0
1.88274097 -0.848684013 1.49449599 0
-0.985279024 0.894306004 2.00849605 0
4.0870409 0.536405981 0.624495983 0
0.371740997 0.972006023 1.25019598 0
-0.719569027 -1.13703406 0.63459599 0
-0.279058993 0.747106016 0.458496004 0
4.12564087 0.432705998 -0.0494240001 0
-2.65010905 0.0305359997 2.92269611 0
1.68854105 -0.870953977 0.546195984 0
-2.9746089 -0.856613994 2.73429608 0
2.26844096 -0.709414005 -0.535614014 0
-0.452859014 -1.15841401 1.01359606 0
-1.45015895 0.338705987 3.46999598 0
-2.01336908 -0.428743988 3.48549604 0
0.186241001 0.81220597 0.140706003 0
3.29734111 0.979906023 2.28149605 0
-1.58711898 -0.584933996 3.59919596 0
3.57684112 0.144705996 1.49949598 0
2.83784103 -0.528204024 -0.495564014 0
-1.42807901 0.758705974 2.79859591 0
0.046441 -0.556933999 3.78429604 0
-0.686599016 0.914906025 2.91789603 0
-1.31177902 0.798806012 1.54659605 0
1.66684103 1.19790602 3.02989602 0
-2.32102895 0.63380599 1.48259604 0
3.28714108 1.490906 1.23499596 0
-0.861149013 -1.30677402 2.29409599 0
-0.311358988 -0.327693999 3.90559602 0
-3.73400903 -0.0748339966 1.27169597 0
1.87254095 1.38210595 1.87719595 0
-2.36717892 -1.40003395 1.02279603 0
0.475540996 0.734206021 3.68159604 0
1.24374104 1.07140601 0.684396029 0
2.91474104 -0.510523975 0.930495977 0
4.0483408 1.04160595 -0.934924006 0
1.30354095 0.921306014 3.44699597 0
2.93224096 1.521106 0.0981860012 0
2.42964101 0.627305984 3.17249608 0
3.5942409 1.49320602 0.682695985 0
-0.231758997 1.06270599 2.54689598 0
-2.7435689 0.48060599 1.69389606 0
-1.28398895 -0.180894002 3.75619602 0
-0.357558995 0.968406022 1.83729601 0
-0.703918993 -0.773083985 3.68879604 0
1.23444104 -0.629993975 3.22589588 0
0.767641008 -1.03862405 1.04879606 0
0.639041007 0.907006025 -0.173444003 0
-2.96385908 -1.45858395 1.10419595 0
1.73624098 -0.330294013 3.29939604 0
-0.916818976 0.269506007 3.752496 0
