-1.48491895 0.665606022 -3.15130401 0
3.73204088 0.187905997 -1.31973398 0
-0.218059003 -0.489374012 -3.80652404 0
-1.07809901 0.89170599 -2.42045403 0
0.495541006 -0.380753994 -3.77846408 0
0.0536409989 1.12290597 -2.44158411 0
0.409141004 0.968806028 -1.14621401 0
2.01634097 1.41400599 -2.21199393 0
2.48954105 0.835106015 -3.16852403 0
-1.02571905 -1.20837402 -2.15655398 0
0.768841028 -0.904814005 -2.37124395 0
-0.179758996 0.895605981 -1.22322404 0
2.89764094 -0.330873996 -1.82744396 0
0.0139410002 -0.720893979 -3.50961399 0
-2.68522906 0.550306022 -0.706694007 0
-2.29770899 0.619405985 0.586196005 0
-2.20121908 -0.828584015 -3.21749401 0
-0.0130589996 1.06740606 -2.01303411 0
-3.02224898 0.471206009 -0.260453999 0
-3.29536891 -0.809574008 -2.37146401 0
0.574041009 -0.871424019 -2.85094404 0
0.341441005 -0.98209399 -0.316983998 0
-1.21443903 0.759306014 -1.13054395 0
1.67194104 1.29210603 -2.83576393 0
2.49194098 -0.394084007 -2.29893398 0
2.02984095 -0.587094009 -2.28577399 0
-2.777879 -0.951204002 -2.76203394 0
0.566441 -0.961874008 -1.87842405 0
3.44604111 0.698505998 -2.34571409 0
-2.70955896 -1.28074396 -2.22451401 0
3.36714101 0.0179760009 -1.816064 0
-3.75649905 0.0666060001 0.776996017 0
-3.96735907 -1.32836401 -0.0884639993 0
-1.81329894 0.726005971 -1.79118395 0
1.05944097 -0.933103979 -0.369634002 0
1.27984095 -0.896983981 -0.835183978 0
-0.483758986 0.750706017 -0.474934012 0
-2.50042892 -1.38973403 0.0498960018 0
1.18814099 -0.197533995 -3.67792392 0
0.211041003 1.02750599 -1.57938397 0
-3.25455904 0.137505993 -1.890674 0
-2.14008904 0.548705995 -2.46516395 0
-0.101058997 0.185806006 -4.00798416 0
-0.124659002 -1.00326395 -2.83632398 0
-3.6566391 -1.32727396 -1.20583403 0
-3.56300902 -1.07849395 -1.80782402 0
-2.62955904 -1.43862402 -1.05281401 0
-2.17136908 -1.32987404 0.45709601 0
-0.542059004 -1.08494401 -0.932734013 0
0.440041006 -0.998044014 -1.46387398 0
-2.10699892 0.62440598 -0.558624029 0
-0.430258989 -0.984474003 -3.1243341 0
-1.42958903 0.105205998 -3.781744 0
-3.67265892 0.131006002 -0.855224013 0
-0.132058993 1.00130606 -3.23579407 0
1.19144106 -0.736104012 -2.76027393 0
-4.14054918 -0.733583987 -0.846873999 0
-3.09411907 -1.12399399 -2.22501397 0
-1.158149 -1.07227397 -3.03952408 0
-1.910689 0.640406013 0.362426013 0
2.54364109 -0.179113999 -2.73561406 0
-1.09376895 -1.17071402 -1.12009394 0
-2.03832889 0.620405972 -0.0588940009 0
-3.683249 -0.0627439991 -1.42164397 0
-2.14832902 -1.32593405 -2.17848396 0
-3.777879 -1.38744402 0.533295989 0
0.372640997 -1.00794399 -1.03635395 0
3.34824109 0.265006006 -2.22723389 0
-2.34053898 0.614206016 -1.49679399 0
0.804641008 1.12130594 -1.50191402 0
0.0595409982 0.809705973 -0.311583996 0
1.45134103 -0.739233971 -2.4317441 0
0.343741 0.558806002 -3.90058398 0
-2.07298899 0.334706008 -3.20207405 0
-1.75148904 -1.00114405 -3.13824391 0
2.893641 0.571106017 -2.93417406 0
-3.47445893 -1.39411402 1.127496 0
0.477941006 0.873206019 -3.68432403 0
1.02004099 0.816806018 -3.71712399 0
-3.00342894 -1.49181402 0.0412160009 0
-0.507559001 -0.220113993 -3.97084403 0
-0.871339023 0.908505976 -1.82491398 0
-1.00246894 0.877506018 -2.88029408 0
-4.00378895 -0.252653986 -0.874303997 0
1.92834103 -0.505854011 -2.70069408 0
-4.18509912 -0.475784004 -0.280294001 0
-3.8903091 -1.15843403 1.10459602 0
2.11364102 1.12140596 -3.07062411 0
-2.01009893 -1.29295397 -0.216314003 0
-1.26748896 0.84740603 -2.04293394 0
1.08154094 -0.900484025 -1.586604 0
-4.22554922 -0.669493973 0.371026009 0
-0.338759005 0.966206014 -1.67790401 0
-2.30082893 0.579706013 -1.99556398 0
1.54464102 -0.527863979 -2.98459411 0
1.87864101 -0.0099940002 -3.43745399 0
0.955141008 -0.677623987 -3.16350389 0
0.479541004 1.08610594 -3.27673411 0
1.17704105 -0.857644022 -2.03486395 0
-0.107758999 -1.05805397 -1.23157406 0
2.24914098 1.31220603 -2.59307408 0
1.42364097 1.33740604 -2.34333396 0
-0.763158977 0.136705995 -3.96694398 0
2.04864097 -0.227543995 -3.08192396 0
-3.66992903 0.168106005 0.252465993 0
3.70054102 0.47360599 -1.80337405 0
-2.4682591 -0.464163989 -3.25423408 0
-0.643558979 -0.829613984 -3.468714 0
-2.5051291 0.283706009 -2.75697398 0
3.82814097 0.886106014 -1.66300404 0
1.044541 1.12880599 -3.29777408 0
1.56294096 1.19000602 -0.81012398 0
-3.1854291 0.424706012 0.220285997 0
-2.09715891 -1.34025395 -0.863994002 0
-1.13509905 -1.21946394 -1.63504398 0
-0.228058994 0.551805973 -3.88109398 0
-1.90888906 -0.349963993 -3.592664 0
0.218941003 -0.982403994 -2.52304411 0
1.94494104 1.33900595 -1.191414 0
-2.28537893 -1.15936399 -2.7251339 0
1.32164097 0.496906012 -3.76626396 0
-0.113858998 0.838606 -3.63262391 0
-2.84182906 0.421905994 -1.71921396 0
0.231941 -0.0958840027 -3.97655392 0
1.41834104 -0.368324012 -3.37236404 0
2.48724103 1.43690598 -1.04918396 0
2.13394094 -0.699833989 -1.35312402 0
-2.52118897 0.573705971 -0.265733987 0
-3.17549896 -1.46797395 -1.14362395 0
0.962641001 1.06010604 -0.985534012 0
-1.67086899 0.685006022 -0.876284003 0
-1.524279 0.747106016 -2.67979407 0
1.10854101 1.02920604 -0.50048399 0
-2.72217894 -1.44559395 0.558095992 0
1.70344102 1.34500599 -1.78173399 0
-0.786198974 -1.095824 -0.176073998 0
1.10494101 1.25500596 -1.90785396 0
-0.612959027 -1.130234 -1.43461394 0
0.288040996 -0.826834023 -3.20686412 0
1.50464106 1.08110595 -3.30179405 0
-1.562639 0.657505989 -0.367044002 0
-0.385058999 0.72360599 0.0109759998 0
0.643940985 0.357306004 -3.94471407 0
-3.92309904 -0.495494008 -1.43201399 0
2.30394101 1.44260597 -1.64876401 0
-2.57528901 0.574706018 0.181275994 0
-1.57391906 -1.21595395 -0.71144402 0
0.922240973 0.0474760011 -3.87824392 0
-3.92677903 -0.0528340004 -0.307063997 0
0.55094099 0.926505983 -0.651723981 0
1.76244104 0.858205974 -3.46172404 0
-2.6978991 -0.0630439967 -3.002244 0
-1.05085897 -1.13432395 0.211155996 0
-0.389559001 -1.09546399 -2.37598395 0
-2.23066902 0.634006023 -1.03352404 0
-0.163958997 -1.039024 -0.132964 0
3.06834102 1.25180602 -2.22936392 0
-0.354458988 -1.05801404 -0.495983988 0
-1.76327896 -1.19699395 -2.67895389 0
-4.12812901 -1.08637404 0.486896008 0
0.675741017 -0.955923975 -0.695563972 0
-1.63053894 -1.29541397 -1.86847401 0
-1.59215903 -0.658303976 -3.55404401 0
-2.15113902 -1.36628401 -1.50532401 0
1.94434094 0.534006 -3.50588393 0
-1.79066896 0.713505983 -1.31347406 0
-1.69952905 0.733406007 -2.23954391 0
0.104841001 -1.031214 -2.12311411 0
-0.612258971 0.793806016 -0.936894 0
-2.65827894 -1.41713405 -1.64929402 0
-4.04296923 -0.364854008 0.835896015 0
-3.52648902 -1.49498403 -0.0252739992 0
2.8684411 1.48740602 -1.43443406 0
2.52234101 0.143005997 -3.08693409 0
3.51024103 1.08920598 -2.01079392 0
2.65534091 1.42580605 -2.07028389 0
-4.22384882 -0.936653972 -0.173444003 0
-1.22365904 -0.271773994 -3.85248399 0
-3.28753901 -1.49365401 0.579396009 0
3.70054102 1.26710606 -1.35936403 0
-0.95935899 0.694006026 -0.198753998 0
1.73184097 -0.727054 -2.0398941 0
0.752941012 1.24620605 -2.42653394 0
-2.79464889 0.50700599 -1.18108404 0
-3.92800903 -0.950514019 -1.345824 0
-1.63695896 -1.27420402 -1.26940405 0
-1.94027901 0.529305995 -2.87056398 0
-3.54991889 -0.243093997 -2.00050402 0
-0.0195589997 0.850305974 -0.771853983 0
-4.0495491 -0.204584002 0.297226012 0
-3.04675889 0.034545999 -2.44362402 0
-3.15853906 -1.34978402 -1.70609403 0
-1.31690896 0.801306009 -1.56830394 0
2.73964095 -0.508704007 -1.40215397 0
0.728640974 -0.572354019 -3.50197411 0
-3.25119901 -0.368214011 -2.48876405 0
-1.667539 -1.22909403 0.297986001 0
-3.51189899 0.271306008 -0.265253991 0
-1.21719897 -0.839183986 -3.42162395 0
-0.895228982 -0.556384027 -3.76185393 0
-1.09412897 0.717706025 -0.654994011 0
-4.08507919 -0.786083996 1.01729596 0
1.88994098 -0.783133984 -0.895424008 0
-3.68466902 -0.679584026 -1.93645406 0
-0.347959012 1.01910603 -2.89730406 0
-0.755329013 0.84770602 -1.37913406 0
3.290941 -0.199453995 -1.36257398 0
-1.41922903 0.65930599 0.105926 0
2.98474097 -0.0978040025 -2.29048395 0
-2.83645892 0.532306015 0.656296015 0
-1.40705895 -1.17622399 -0.210924 0
1.36484098 1.21900594 -1.35928404 0
1.68154097 -0.782553971 -1.67795396 0
-0.0596590005 -1.06181395 -1.68901396 0
2.2903409 0.381006002 -3.34832406 0
-4.02364922 -1.18884397 -0.711754024 0
-0.577458978 1.00110602 -2.16276407 0
0.902341008 -0.944573998 -1.14403403 0
-0.839748979 0.521606028 -3.77508402 0
-0.546859026 1.00020599 -2.57135391 0
2.3068409 -0.595293999 -1.818344 0
-0.992569029 -1.12387395 -0.610844016 0
1.00394106 1.26360595 -2.85987401 0
-3.33807898 0.342505991 0.779695988 0
3.02984095 0.258605987 -2.68406391 0
2.65464091 1.18410599 -2.6805141 0
-0.821238995 -1.13047397 -2.68153405 0
-1.40256906 0.509405971 -3.54647398 0
-1.45241904 -1.24451399 -2.43390393 0
-0.661849022 0.763206005 -3.53581405 0
-3.10703897 -1.510414 -0.552684009 0
1.60514104 0.186105996 -3.6591239 0
-3.22319889 0.382405996 -0.773184001 0
3.07644105 0.948906004 -2.63075399 0
-2.58825898 -1.43675399 -0.47487399 0
-3.6382091 -1.45876396 -0.615664005 0
-2.72768903 0.347505987 -2.25680399 0
0.0301409997 -1.02532399 -0.732464015 0
-3.28511906 0.273905993 -1.328174 0
-2.06433892 0.0564059988 -3.46892405 0
-0.845688999 0.842505991 -3.25257397 0
1.52744102 -0.844614029 -1.27382398 0
2.52714109 -0.61420399 -0.945414007 0
-0.561258972 -1.13770401 -1.91915405 0
3.25304103 1.39420605 -1.69358397 0
-2.92418909 -0.517674029 -2.83178401 0
0.530241013 1.15520597 -1.99466395 0
0.333941013 1.167606 -2.84807396 0
