-3.424999 -0.855454028 2.25739598 -0.355993
-1.75671899 0.682006001 0.807596028 -0.284717
0.911641002 -0.828054011 3.04069591 -0.019346
-3.33801889 0.263705999 1.38689601 -0.347601
-1.796229 0.715705991 1.21499598 -0.19391
-0.204659 0.658505976 3.62779593 -0.157537
-2.16057897 -0.0442739986 3.33199596 -0.191702
-1.96263897 -1.12646401 3.02649593 -0.779391
0.00994099956 1.06170595 2.92129588 -0.0944
-1.67521906 -1.33696401 2.45409608 -0.819252
-1.00806904 -1.30591404 1.80409598 -0.799542
-2.53004909 0.495106012 2.13379598 -0.294855
-1.02571905 -1.20837402 -2.15655398 -0.617002
-1.96069896 -1.392874 1.49229598 -0.825396
-2.68522906 0.550306022 -0.706694007 -0.299854
-2.29770899 0.619405985 0.586196005 -0.319613
-3.52131891 -0.0838640034 1.83319604 -0.347601
-2.20121908 -0.828584015 -3.21749401 0.240321
-0.360359013 -0.889074028 3.5348959 -0.46927582
-2.03604889 0.250905991 3.18179607 -0.191702
-3.02224898 0.471206009 -0.260453999 -0.317447
-3.29536891 -0.809574008 -2.37146401 -0.5422996
-1.52119899 0.796606004 2.32909608 -0.161617
-3.098809 -1.38256395 1.67189598 -0.836996
-1.21443903 0.759306014 -1.13054395 0.288042
-2.777879 -0.951204002 -2.76203394 -0.516347
-3.54770899 -0.450094014 2.11489606 -0.335112
-2.3365891 0.629805982 1.02209604 -0.316192
-2.70955896 -1.28074396 -2.22451401 -0.854027
0.541140974 -0.869593978 3.25579596 -0.045332
-0.200058997 -1.05350399 3.20899606 -0.46927582
-3.75649905 0.0666060001 0.776996017 -0.35117
-3.96735907 -1.32836401 -0.0884639993 -0.5915512
-1.81329894 0.726005971 -1.79118395 0.288042
0.764640987 -0.181114003 3.78649592 0.030443
0.174741 -1.14978397 2.13189602 -0.471154
-0.483758986 0.750706017 -0.474934012 0.263662
0.176841006 1.02750599 1.68119597 -0.016892
-2.50042892 -1.38973403 0.0498960018 -0.869403
-2.05102897 0.619206011 2.4802959 -0.191702
-3.12509894 -0.430314004 2.66329598 -0.320348
-0.736518979 -1.24703395 1.42339599 -0.799542
-3.25455904 0.137505993 -1.890674 0.263662
-0.77174902 0.856405973 1.55239606 -0.102328
-2.14008904 0.548705995 -2.46516395 0.288042
-2.14569902 0.432206005 2.838696 -0.191702
-3.6566391 -1.32727396 -1.20583403 -0.878038
-3.56300902 -1.07849395 -1.80782402 -0.5754071
-2.62955904 -1.43862402 -1.05281401 -0.878038
0.668340981 -0.48487401 3.66079593 0.030443
-2.17136908 -1.32987404 0.45709601 -0.836457
-0.542059004 -1.08494401 -0.932734013 -0.651255
-3.82374907 -0.821973979 1.65089595 -0.347601
-2.10699892 0.62440598 -0.558624029 0.247916
-0.175859004 -1.177544 1.41859603 -0.49773865
0.988840997 -0.55181402 3.47759604 0.008836
-3.67265892 0.131006002 -0.855224013 -0.332725
-1.20042896 0.745405972 1.08169603 -0.16112
-4.14054918 -0.733583987 -0.846873999 -0.584775
-3.09411907 -1.12399399 -2.22501397 -0.878038
-3.1499989 -0.0622339994 2.40779591 -0.335112
-0.400658995 -1.24141395 1.90349603 -0.5209114
1.40064096 -0.174024001 3.59749603 0.211513
-1.63060904 0.521005988 3.11519599 -0.191702
-1.910689 0.640406013 0.362426013 -0.11407
-1.09376895 -1.17071402 -1.12009394 -0.848518
-2.03832889 0.620405972 -0.0588940009 -0.138473
-3.683249 -0.0627439991 -1.42164397 -0.357956
-0.993219018 -0.522243977 3.78069592 -0.207303
-2.14832902 -1.32593405 -2.17848396 -0.854027
-3.777879 -1.38744402 0.533295989 -0.632779
-0.112359002 -1.08787405 0.573195994 -0.533385
1.25494099 0.151605994 3.71399593 0.2191147
0.403441012 1.16580606 2.51539612 0.21395193
1.23064101 -0.844673991 2.67849588 0.005584
-2.34053898 0.614206016 -1.49679399 0.263662
-1.531129 0.802406013 1.94189596 -0.161617
-2.07298899 0.334706008 -3.20207405 0.350834
-1.75148904 -1.00114405 -3.13824391 -0.617002
-3.47445893 -1.39411402 1.127496 -0.836996
-1.09712899 -1.22060394 1.03249598 -0.819252
-3.00342894 -1.49181402 0.0412160009 -0.869403
-4.00378895 -0.252653986 -0.874303997 -0.355649
-4.18509912 -0.475784004 -0.280294001 -0.5748569
-1.04603899 0.694405973 3.19179606 -0.157537
-3.8903091 -1.15843403 1.10459602 -0.5704014
-2.01009893 -1.29295397 -0.216314003 -0.888553
-1.26748896 0.84740603 -2.04293394 0.356584
-0.069358997 0.82040602 0.927096009 0.05335
-0.635559022 0.800206006 1.12719595 -0.081358
-4.22554922 -0.669493973 0.371026009 -0.5768894
-1.41050899 -1.30551398 1.42599595 -0.819252
0.167540997 1.10240602 2.10549593 -0.072623
-2.30082893 0.579706013 -1.99556398 0.288042
-1.48004901 -1.36730397 2.01249599 -0.819252
-1.177279 -1.30615401 2.66889596 -0.748974
-0.553259015 -1.22172403 2.82219601 -0.5209114
-2.63007903 -0.422603995 3.08799601 -0.31042
-0.283959001 -1.21672404 2.4249959 -0.49773865
0.830640972 -1.04070401 1.52079594 -0.129024
-0.730489016 0.730805993 0.734795988 -0.071017
0.769940972 0.229205996 3.83629608 0.1962441
-3.66992903 0.168106005 0.252465993 -0.348839
0.140140995 -1.08462405 2.93479609 -0.4407039
0.851240993 0.60740602 3.71209598 0.1962441
-2.4682591 -0.464163989 -3.25423408 0.240321
-0.203358993 0.903605998 1.38669598 -0.054034
1.39264095 0.580205977 3.62679601 0.2191147
-2.5051291 0.283706009 -2.75697398 0.288042
0.253040999 -1.109694 2.50659609 -0.471154
0.181941003 0.250405997 3.90549588 0.030443
0.78184098 -1.04365396 1.93369603 -0.094777
-3.1854291 0.424706012 0.220285997 -0.323164
-3.53180909 -1.19528401 1.70509601 -0.836996
-2.09715891 -1.34025395 -0.863994002 -0.878038
-1.13509905 -1.21946394 -1.63504398 -0.664161
-1.90888906 -0.349963993 -3.592664 0.240321
0.260040998 -0.803283989 3.48699594 -0.045332
-3.8611691 -0.444074005 1.48999596 -0.347601
0.152141005 -1.09980404 0.94619602 -0.4449111
-2.28537893 -1.15936399 -2.7251339 -0.664161
-1.84106898 0.723306 1.64609599 -0.187979
-0.45935899 1.01640606 2.22599602 -0.127547
0.201840997 -1.01767397 0.189155996 -0.265258
-2.84182906 0.421905994 -1.71921396 0.263662
-1.63184905 -0.0147639997 3.59259605 -0.191702
-1.56113899 -1.23049402 2.96939611 -0.748974
-2.52118897 0.573705971 -0.265733987 -0.317447
-3.17549896 -1.46797395 -1.14362395 -0.878038
-2.03632903 -0.890543997 3.29129601 -0.779391
-1.67086899 0.685006022 -0.876284003 0.263662
-1.524279 0.747106016 -2.67979407 0.350834
-2.72217894 -1.44559395 0.558095992 -0.836457
-2.143929 -1.29510403 2.54059601 -0.819252
-1.30238903 -1.20062399 0.643195987 -0.836996
-0.215758994 0.35590601 3.84239602 -0.135737
-0.920158982 -1.12464404 3.25199604 -0.748974
0.225241005 -1.13729405 1.74949598 -0.471154
-0.786198974 -1.095824 -0.176073998 -0.888553
-1.30399895 0.689606011 0.573696017 -0.147499
-2.12660909 0.680405974 1.98549604 -0.187979
-0.612959027 -1.130234 -1.43461394 -0.617002
0.956941009 1.08310604 3.27999592 0.241728
-1.562639 0.657505989 -0.367044002 -0.067202
-0.385058999 0.72360599 0.0109759998 0.140357
-3.92309904 -0.495494008 -1.43201399 -0.5856345
-2.57528901 0.574706018 0.181275994 -0.321928
-1.40992904 -0.961853981 3.45429611 -0.748974
-1.57391906 -1.21595395 -0.71144402 -0.878038
-2.6364789 -1.35115397 2.15899611 -0.825396
0.762741029 -1.01250398 2.37309599 -0.094777
-3.92677903 -0.0528340004 -0.307063997 -0.344517
0.293940991 0.980105996 3.32209611 0.14883
0.353641003 -1.10606396 1.34289598 -0.4449111
-2.44673896 -0.783074021 3.11059594 -0.329982
-1.76188898 -1.299734 0.94619602 -0.836996
-2.6978991 -0.0630439967 -3.002244 0.240321
0.640841007 -0.98081398 2.76309609 -0.019346
-1.05085897 -1.13432395 0.211155996 -0.881697
-0.36075899 0.853605986 3.25369596 -0.127547
-2.23066902 0.634006023 -1.03352404 0.263662
-0.163958997 -1.039024 -0.132964 -0.69747
-0.354458988 -1.05801404 -0.495983988 -0.651255
-2.66573906 0.304605991 2.48999596 -0.294855
-0.427758992 -1.08172405 0.236916006 -0.843551
-1.76327896 -1.19699395 -2.67895389 -0.617002
-2.09687901 -1.40197396 2.00629592 -0.819252
-3.09576893 -1.18768406 2.24909592 -0.825396
-4.12812901 -1.08637404 0.486896008 -0.5768894
-1.63053894 -1.29541397 -1.86847401 -0.848518
-0.768859029 0.565105975 3.50679588 -0.157537
-1.59215903 -0.658303976 -3.55404401 0.240321
-2.15113902 -1.36628401 -1.50532401 -0.878038
-1.79066896 0.713505983 -1.31347406 0.263662
-2.85618901 0.495806009 1.19359601 -0.316192
-0.925189018 0.930706024 2.50729609 -0.127547
-1.69952905 0.733406007 -2.23954391 0.356584
-0.837619007 0.695306003 0.283396006 -0.079369
-2.54854894 -1.42436397 1.58909595 -0.825396
-0.612258971 0.793806016 -0.936894 0.366838
-2.65827894 -1.41713405 -1.64929402 -0.878038
0.653841019 1.17100596 2.95359612 0.23683788
-4.04296923 -0.364854008 0.835896015 -0.35117
-3.52648902 -1.49498403 -0.0252739992 -0.869403
0.94354099 1.25030601 2.52299595 0.4249499
-4.22384882 -0.936653972 -0.173444003 -0.5915512
0.29064101 -0.136403993 3.87419605 0.030443
-2.55731893 -1.12034404 2.75749612 -0.819252
-3.28753901 -1.49365401 0.579396009 -0.869403
-0.594658971 -0.0485639982 3.91129589 -0.176962
-0.95935899 0.694006026 -0.198753998 -0.067202
-3.08950901 0.229006007 1.98249602 -0.335112
-2.79464889 0.50700599 -1.18108404 0.263662
-3.92800903 -0.950514019 -1.345824 -0.5856345
-1.63695896 -1.27420402 -1.26940405 -0.878038
-1.94027901 0.529305995 -2.87056398 0.350834
-3.54991889 -0.243093997 -2.00050402 0.263662
-0.985279024 0.894306004 2.00849605 -0.127547
-4.0495491 -0.204584002 0.297226012 -0.349781
0.371740997 0.972006023 1.25019598 0.432104
-3.04675889 0.034545999 -2.44362402 0.288042
-0.719569027 -1.13703406 0.63459599 -0.819252
-3.15853906 -1.34978402 -1.70609403 -0.878038
-0.279058993 0.747106016 0.458496004 0.148643
-1.31690896 0.801306009 -1.56830394 0.288042
-2.65010905 0.0305359997 2.92269611 -0.31042
-3.25119901 -0.368214011 -2.48876405 0.209269
-1.667539 -1.22909403 0.297986001 -0.869403
-3.51189899 0.271306008 -0.265253991 -0.344517
-2.9746089 -0.856613994 2.73429608 -0.329982
-1.09412897 0.717706025 -0.654994011 0.263662
-0.452859014 -1.15841401 1.01359606 -0.770835
-1.45015895 0.338705987 3.46999598 -0.157537
-4.08507919 -0.786083996 1.01729596 -0.347601
-2.01336908 -0.428743988 3.48549604 -0.29786
-1.58711898 -0.584933996 3.59919596 -0.207303
-1.42807901 0.758705974 2.79859591 -0.191702
0.046441 -0.556933999 3.78429604 0.030443
-3.68466902 -0.679584026 -1.93645406 -0.5574883
-0.686599016 0.914906025 2.91789603 -0.127547
-1.41922903 0.65930599 0.105926 -0.1126
-1.31177902 0.798806012 1.54659605 -0.161617
-2.32102895 0.63380599 1.48259604 -0.306371
-2.83645892 0.532306015 0.656296015 -0.319613
-0.861149013 -1.30677402 2.29409599 -0.748974
-0.311358988 -0.327693999 3.90559602 -0.0424358
-3.73400903 -0.0748339966 1.27169597 -0.347601
-1.40705895 -1.17622399 -0.210924 -0.888553
-2.36717892 -1.40003395 1.02279603 -0.836996
0.475540996 0.734206021 3.68159604 0.172094
-4.02364922 -1.18884397 -0.711754024 -0.5968497
1.30354095 0.921306014 3.44699597 0.2631875
-0.992569029 -1.12387395 -0.610844016 -0.878038
-3.33807898 0.342505991 0.779695988 -0.35117
-0.231758997 1.06270599 2.54689598 -0.127547
-1.45241904 -1.24451399 -2.43390393 -0.617002
-3.10703897 -1.510414 -0.552684009 -0.888553
-3.22319889 0.382405996 -0.773184001 -0.332725
-2.7435689 0.48060599 1.69389606 -0.306371
-2.58825898 -1.43675399 -0.47487399 -0.888553
-3.6382091 -1.45876396 -0.615664005 -0.867805
-2.72768903 0.347505987 -2.25680399 0.288042
-1.28398895 -0.180894002 3.75619602 -0.157537
-3.28511906 0.273905993 -1.328174 0.263662
-0.357558995 0.968406022 1.83729601 -0.102328
-2.06433892 0.0564059988 -3.46892405 0.240321
-0.703918993 -0.773083985 3.68879604 -0.46927582
1.23444104 -0.629993975 3.22589588 0.031841
-2.96385908 -1.45858395 1.10419595 -0.836996
-0.916818976 0.269506007 3.752496 -0.157537
-2.92418909 -0.517674029 -2.83178401 0.232839
